[?25l[0m[38;5;223;48;5;223m [48;5;187m:[38;5;109myyyyyyyyyyyyyyy[38;5;239;48;5;144my[38;5;23;48;5;244my[38;5;8;48;5;246my[38;5;223;48;5;59m~~[38;5;23;48;5;138m_[38;5;167;48;5;180my[38;5;23;48;5;174m__[38;5;167;48;5;216myyyyyyyyyyyyyyyyyy,[48;5;223m [0m
[38;5;223;48;5;223m [38;5;145;48;5;187m4[48;5;67m          [38;5;66;48;5;240mF[48;5;23m~`[38;5;67m`[38;5;60m`     [38;5;23;48;5;236m:[38;5;160;48;5;237m_[48;5;23m  [38;5;125;48;5;236m`[38;5;160;48;5;237m~[38;5;23;48;5;124m_[48;5;160m               [38;5;167;48;5;210mL[48;5;223m [0m
[38;5;223;48;5;223m [38;5;145;48;5;187m4[48;5;67m         [38;5;240;48;5;23mL     [38;5;237m_[38;5;160;48;5;236m_[48;5;237m_[38;5;131;48;5;8my[38;5;161;48;5;239ma[38;5;246;48;5;125m_[38;5;248;48;5;161m_[38;5;161;48;5;239ma[38;5;124;48;5;238mw[38;5;160;48;5;237m___[38;5;89;48;5;236m`[38;5;160;48;5;8m~[38;5;237;48;5;160m_            [38;5;167;48;5;210mL[48;5;223m [0m
[38;5;223;48;5;223m [38;5;145;48;5;187m4[48;5;67m       [38;5;67;48;5;66m:[48;5;23m~  [38;5;239m_[38;5;160;48;5;237m_[38;5;161;48;5;240m-[38;5;246;48;5;137m*[38;5;167;48;5;144m~[48;5;180m`[38;5;247;48;5;187m~`[38;5;249m~[38;5;223my[38;5;187;48;5;249m,[48;5;67m  [38;5;132;48;5;244m`[38;5;244;48;5;131mL[48;5;160m [38;5;8;48;5;124m`[48;5;23m  [38;5;124;48;5;237m~[38;5;89;48;5;160m,          [38;5;167;48;5;210mL[48;5;223m [0m
[38;5;223;48;5;223m [38;5;145;48;5;187m4[48;5;67m       [38;5;60;48;5;23m/ [38;5;23;48;5;236m:[48;5;124m`[38;5;102;48;5;167my[38;5;167;48;5;144m`[38;5;223;48;5;187my[38;5;187;48;5;223m~      [38;5;250;48;5;187m`[38;5;247;48;5;109mL[48;5;67m   [38;5;131;48;5;244m~[48;5;160m,[38;5;237;48;5;124m~[38;5;125;48;5;237my[38;5;89;48;5;236m_[38;5;238m"[48;5;160m_         [38;5;167;48;5;210mL[48;5;223m [0m
[38;5;223;48;5;223m [38;5;145;48;5;187m4[48;5;67m      [38;5;67;48;5;66m:[38;5;66;48;5;23m_ [38;5;89;48;5;8mj[38;5;131;48;5;167mu[38;5;248;48;5;247m4[48;5;187m [48;5;223m      [38;5;187my[38;5;247;48;5;187my[38;5;160;48;5;248m_[48;5;244m_[48;5;102m_[38;5;131;48;5;67m_  [48;5;102m"[38;5;96;48;5;161m_[48;5;160m [38;5;160;48;5;124m:[48;5;23m [38;5;23;48;5;236m:[38;5;89;48;5;124mr[48;5;160m        [38;5;167;48;5;210mL[48;5;223m [0m
[38;5;223;48;5;223m [38;5;145;48;5;187m4[48;5;67m        [48;5;23m [38;5;238;48;5;124m~[38;5;167;48;5;96mF[38;5;247;48;5;248mF[38;5;249;48;5;187m'[38;5;23;48;5;180m_[38;5;244;48;5;187m,[38;5;187;48;5;223m,   [38;5;247;48;5;145m4[38;5;131;48;5;167m~[48;5;160m [38;5;236;48;5;125m*[38;5;160;48;5;237m_[38;5;23;48;5;89m=[48;5;125m=[38;5;237;48;5;95m+[38;5;67;48;5;131m~[38;5;131;48;5;95my[38;5;160;48;5;161m:[48;5;160m [38;5;8;48;5;236m,[48;5;23m [38;5;236;48;5;238mL[48;5;160m        [38;5;167;48;5;210mL[48;5;223m [0m
[38;5;223;48;5;223m [38;5;145;48;5;187m4[48;5;67m       [38;5;67;48;5;66m:[38;5;238;48;5;237md[38;5;244;48;5;131my[38;5;249;48;5;246m.[38;5;145;48;5;240m~[38;5;67;48;5;23m_[38;5;66my[38;5;23;48;5;66mF[38;5;249;48;5;247m~[38;5;247;48;5;187m_[38;5;249;48;5;223m__[38;5;247;48;5;145m_[38;5;160;48;5;131m:[38;5;8;48;5;124my[38;5;236m-[38;5;237;48;5;125m=[38;5;59;48;5;131mg[38;5;23;48;5;95m_[48;5;125m_[38;5;89;48;5;124m^[38;5;8m=[38;5;160;48;5;237m~[38;5;236;48;5;89ma_[38;5;23;48;5;236m:[48;5;23m [38;5;8;48;5;124mL[48;5;160m       [38;5;167;48;5;210mL[48;5;223m [0m
[38;5;223;48;5;223m [38;5;145;48;5;187m4[48;5;67m       [38;5;67;48;5;66m:[38;5;23;48;5;236m:[38;5;131;48;5;243mL[38;5;23;48;5;60mE[48;5;66m-[38;5;67m.[38;5;60mC[38;5;239mTT[38;5;240m^[38;5;23ma[38;5;237;48;5;95mr[38;5;131;48;5;241ma[48;5;238m`[38;5;102;48;5;160m_[38;5;59;48;5;131my[38;5;246;48;5;66m,[38;5;66;48;5;239m_[38;5;67;48;5;23m_[38;5;239;48;5;66m~[38;5;124;48;5;241m`[48;5;160m [38;5;89;48;5;237mL[48;5;160m [38;5;239m`[38;5;23;48;5;89m~[48;5;23m [38;5;237;48;5;89mF[48;5;160m       [38;5;167;48;5;210mL[48;5;223m [0m
[38;5;223;48;5;223m [38;5;145;48;5;187m4[48;5;67m       [38;5;67;48;5;66m:[48;5;23m [38;5;66;48;5;240m4[38;5;247;48;5;246m,[38;5;67;48;5;66m:[48;5;239m`[38;5;66;48;5;240mF[48;5;23m+[38;5;240;48;5;66mr[38;5;60m+[38;5;23;48;5;59m`[38;5;131;48;5;138m^[38;5;248;48;5;246mL[38;5;131;48;5;242m*[38;5;161;48;5;95m\[38;5;160;48;5;246m_[38;5;131;48;5;247m_[38;5;160;48;5;246m_[48;5;138m_[38;5;246;48;5;131m~[38;5;131;48;5;160m~[38;5;8m_[38;5;237;48;5;124mF[48;5;160m   [38;5;125;48;5;237mL[38;5;237;48;5;89mL[48;5;160m       [38;5;167;48;5;210mL[48;5;223m [0m
[38;5;223;48;5;223m [38;5;145;48;5;187m4[48;5;67m        [38;5;23;48;5;66m`[38;5;89;48;5;240mi[38;5;249;48;5;247m:[38;5;67;48;5;103m:[38;5;59;48;5;246m`[38;5;247mw[38;5;238m`[38;5;145m=[38;5;239;48;5;102my[38;5;167;48;5;242m,[38;5;109;48;5;248mF[38;5;247;48;5;109m^[48;5;67m [38;5;239;48;5;95m*[38;5;237;48;5;89m_[38;5;238;48;5;160m=[38;5;89m==[38;5;238mr[38;5;89;48;5;124m^[38;5;237;48;5;160m`    [38;5;160;48;5;124m:[38;5;23;48;5;236m:[38;5;160;48;5;124m:[48;5;160m      [38;5;167;48;5;210mL[48;5;223m [0m
[38;5;223;48;5;223m [38;5;145;48;5;187m4[48;5;67m         [38;5;89;48;5;242m1[38;5;239;48;5;246m~[38;5;59;48;5;144mr[38;5;240;48;5;247mr[38;5;243;48;5;246mr[38;5;138;48;5;66mg[38;5;23;48;5;244m~[38;5;95;48;5;138m~[38;5;67;48;5;246m:[38;5;109;48;5;248my[48;5;67m   [38;5;95;48;5;244m^[38;5;102;48;5;131my[48;5;160m          [38;5;124;48;5;8mL[48;5;237m`[48;5;160m      [38;5;167;48;5;210mL[48;5;223m [0m
[38;5;223;48;5;223m [38;5;145;48;5;187m4[48;5;67m         [38;5;95;48;5;241m4[38;5;145;48;5;246m`[48;5;187m [38;5;223m`[38;5;246m~`[48;5;223m [38;5;145;48;5;187m4[38;5;167;48;5;102m\[38;5;160;48;5;243m_[38;5;125;48;5;242my[38;5;131;48;5;244my[38;5;125;48;5;59ma[48;5;8m=[38;5;23;48;5;89m_[48;5;124m___[38;5;237;48;5;160m_      [38;5;160;48;5;124m:[48;5;23m [38;5;89;48;5;124mr[48;5;160m     [38;5;167;48;5;210mL[48;5;223m [0m
[38;5;223;48;5;223m [38;5;145;48;5;187m4[48;5;67m         [38;5;23;48;5;240m`[38;5;131;48;5;244mL[38;5;246;48;5;145mL[48;5;223m   [38;5;103;48;5;187m_[38;5;223;48;5;248m'[38;5;160;48;5;244m_[38;5;237;48;5;95my[38;5;23;48;5;236m:[48;5;23m [38;5;160;48;5;237m______[38;5;89;48;5;236m.[38;5;125m~[48;5;160m     [38;5;238;48;5;124my[48;5;23m [38;5;237;48;5;89mL[48;5;160m     [38;5;167;48;5;210mL[48;5;223m [0m
[38;5;223;48;5;223m [38;5;145;48;5;187m4[48;5;67m         [38;5;66;48;5;60m$[38;5;95;48;5;238m4[38;5;102;48;5;244m,[38;5;246;48;5;249myy[38;5;131;48;5;246m_[38;5;161;48;5;59m=[38;5;131;48;5;237m~[38;5;160m_[38;5;23;48;5;89m~[38;5;237;48;5;125m~[38;5;23;48;5;95m`[48;5;131m-[38;5;145m.[38;5;246m_[38;5;125;48;5;95m~[38;5;238;48;5;160mT[38;5;8;48;5;125mT[38;5;160;48;5;59m=[38;5;239;48;5;237mw[38;5;89;48;5;8m4[48;5;160m   [38;5;236;48;5;124m_[38;5;8;48;5;236m~[48;5;23m [38;5;237;48;5;89mF[48;5;160m     [38;5;167;48;5;210mL[48;5;223m [0m
[38;5;223;48;5;223m [38;5;145;48;5;187m4[48;5;67m         [38;5;67;48;5;66m:[48;5;23m [38;5;23;48;5;95m_[38;5;160;48;5;244m_[38;5;67m:[38;5;125;48;5;239m$[48;5;23m [38;5;238;48;5;237m4[38;5;160;48;5;125m`[38;5;246;48;5;131m_[38;5;131;48;5;244m_[38;5;8;48;5;137m_[48;5;244my[38;5;247;48;5;239m~[38;5;102;48;5;8m"[38;5;238;48;5;124mr[38;5;96;48;5;131my[38;5;67;48;5;247m`[38;5;167;48;5;132ma[38;5;124;48;5;238mF[48;5;23m [38;5;89;48;5;236m~[38;5;160m~[38;5;125m`[48;5;23m  [38;5;160;48;5;236m,[48;5;160m      [38;5;167;48;5;210mL[48;5;223m [0m
[38;5;223;48;5;223m [38;5;145;48;5;187m4[48;5;67m          [38;5;66;48;5;239mL[48;5;23m [38;5;125;48;5;236m~[38;5;23;48;5;89m_[38;5;160;48;5;124m:[48;5;23m [38;5;8;48;5;89mF[38;5;131;48;5;102m_[38;5;248;48;5;145m,[38;5;103;48;5;247m'[38;5;160;48;5;95m=[38;5;131;48;5;236m_[48;5;23m [38;5;237;48;5;89mF[48;5;131m [38;5;160;48;5;102m_[38;5;161;48;5;131my[38;5;23;48;5;125m_[48;5;236m:[48;5;23m    [38;5;8;48;5;236m_[38;5;237;48;5;124m~[38;5;89;48;5;237mF[38;5;238;48;5;124m_[48;5;160m     [38;5;167;48;5;210mL[48;5;223m [0m
[38;5;223;48;5;223m [38;5;145;48;5;187m4[48;5;67m           [38;5;60;48;5;23my  [38;5;89m` [38;5;237;48;5;236m`[38;5;124;48;5;8m`[38;5;167;48;5;96mL[38;5;131;48;5;241m=[38;5;160;48;5;59m=[48;5;244m_[48;5;238m_[38;5;89;48;5;124m~[38;5;160;48;5;237m~[38;5;236;48;5;89my[38;5;160;48;5;237m`[48;5;23m     [38;5;124;48;5;237my[38;5;89;48;5;160m~[48;5;124m_[48;5;23m [38;5;23;48;5;236m:[38;5;125m~[38;5;124m~[38;5;160m~[48;5;237m~[38;5;236;48;5;89my[38;5;95;48;5;180mL[48;5;223m [0m
[38;5;223;48;5;223m [38;5;145;48;5;187m4[48;5;67m            [38;5;66;48;5;239my[38;5;60;48;5;23m_    [38;5;89;48;5;236m~[48;5;23m  [48;5;236m~[38;5;160;48;5;237m~[48;5;236m`[48;5;23m     [38;5;23;48;5;236m:[38;5;124;48;5;237my[38;5;23;48;5;124m`[48;5;160m  [38;5;238;48;5;236m^[48;5;23m       [38;5;241;48;5;144mL[48;5;223m [0m
[38;5;223;48;5;223m [38;5;145;48;5;187m4[48;5;67m              [38;5;23;48;5;59m`[38;5;244;48;5;239my[38;5;131;48;5;236m_[48;5;23m          [38;5;238;48;5;236m_[38;5;124;48;5;8my[38;5;89;48;5;160m~  [38;5;102;48;5;161m_[38;5;125;48;5;239m~[48;5;23m        [38;5;241;48;5;144mL[48;5;223m [0m
[38;5;223;48;5;223m [38;5;145;48;5;187m4[48;5;67m          [38;5;23;48;5;66m__[48;5;60ma[38;5;66;48;5;23m~`[38;5;244;48;5;238m~[48;5;248m_[38;5;89;48;5;138m`[38;5;236;48;5;244m~[38;5;160;48;5;240m-[38;5;131;48;5;8my[38;5;160;48;5;237m_[38;5;124my[48;5;8my[38;5;23;48;5;89m~[48;5;124m~[38;5;8m~[48;5;160m   [38;5;244;48;5;167m_[38;5;160;48;5;244m~[38;5;60;48;5;66m_[48;5;23m         [38;5;241;48;5;144mL[48;5;223m [0m
[38;5;223;48;5;223m [38;5;145;48;5;187m4[48;5;67m      [38;5;23;48;5;66m_[48;5;60my[38;5;66;48;5;23m~       [38;5;102;48;5;238m`[38;5;250;48;5;247m'[48;5;249m [38;5;145m:[38;5;246;48;5;187m~[38;5;131;48;5;144m~[38;5;160;48;5;138m~~[38;5;131;48;5;167mw[48;5;160m   [38;5;67;48;5;131m_[38;5;131;48;5;102m~[48;5;67m  [38;5;240;48;5;23m^         [38;5;241;48;5;144mL[48;5;223m [0m
[38;5;223;48;5;223m [38;5;145;48;5;187m4[48;5;67m   [38;5;23;48;5;66m_[38;5;67;48;5;23m~[38;5;238m`           [38;5;59;48;5;138mM[38;5;145;48;5;246m~[38;5;247;48;5;145m_[38;5;187;48;5;249m`[48;5;223m_[48;5;187m [38;5;131;48;5;247m_[48;5;160m~[38;5;209m_[38;5;222;48;5;167my[38;5;131;48;5;186m"[38;5;67;48;5;187m~~[38;5;187;48;5;248my[38;5;244;48;5;239mF[48;5;23m          [38;5;241;48;5;144mL[48;5;223m [0m
[38;5;223;48;5;223m [38;5;145;48;5;187m4[48;5;67m [38;5;23;48;5;66my[38;5;66;48;5;23m`              [38;5;239;48;5;246mL[38;5;223;48;5;144mL[38;5;67;48;5;246m:[48;5;249m  [38;5;131;48;5;138my[38;5;216;48;5;167m_[38;5;160;48;5;216m~[48;5;223m     [38;5;95;48;5;180my[48;5;23m           [38;5;241;48;5;144mL[48;5;223m [0m
[38;5;223;48;5;223m [48;5;249m:[38;5;66;48;5;23m~                [38;5;23;48;5;238m:[48;5;223m [38;5;138m`[38;5;240;48;5;244mg[38;5;160;48;5;131m_[38;5;181;48;5;167m=[38;5;131;48;5;187m_[48;5;223m     [38;5;223;48;5;186m:[38;5;23;48;5;237m:[48;5;23m    [38;5;60m_[38;5;67m_[38;5;66m_    [38;5;241;48;5;144mL[48;5;223m [0m
[38;5;223;48;5;223m [38;5;244;48;5;144m4[48;5;23m                  [38;5;246;48;5;180mr[38;5;223;48;5;95m`[38;5;89;48;5;160m~   [38;5;144;48;5;131m~[38;5;241;48;5;180my[48;5;223m   [38;5;138;48;5;239m^[48;5;23m     [38;5;60;48;5;66m~[38;5;23;48;5;60mg[38;5;67;48;5;66m:[38;5;60;48;5;23m_   [38;5;241;48;5;144mL[48;5;223m [0m
[38;5;223;48;5;223m [38;5;243;48;5;144m4[48;5;23m                  [38;5;244;48;5;238mJ[38;5;8;48;5;124m^[48;5;160m     [38;5;125;48;5;237mF[38;5;23;48;5;66mF[38;5;244;48;5;145ms[38;5;180;48;5;242mF[48;5;23m    [38;5;23;48;5;236m:[38;5;166;48;5;244m_[38;5;173;48;5;241m*[48;5;239m*[38;5;223;48;5;59m-[38;5;167;48;5;131mm[38;5;239;48;5;237m_[48;5;23m  [38;5;241;48;5;144mL[48;5;223m [0m
[38;5;223;48;5;223m [38;5;243;48;5;144m4[48;5;23m                   [38;5;239;48;5;131m_[48;5;160m____[38;5;8;48;5;124my[38;5;240;48;5;23mu[38;5;187;48;5;247ma[38;5;241;48;5;180my[38;5;23;48;5;236m:[48;5;23m    [38;5;242;48;5;237m~[38;5;173;48;5;238m~[48;5;23m   [38;5;137;48;5;8m~[38;5;167m^[48;5;23m  [38;5;241;48;5;144mL[48;5;223m [0m
[38;5;223;48;5;223m [38;5;243;48;5;144m4[48;5;23m                                          [38;5;241;48;5;144mL[48;5;223m [0m
[38;5;223;48;5;223m [38;5;243;48;5;144m4[48;5;23m  [38;5;23;48;5;66m~[38;5;66;48;5;240mL[48;5;23m [38;5;240m4[38;5;239;48;5;66m~[48;5;23m u[38;5;23;48;5;66m`[48;5;23m  [48;5;66m~[38;5;239;48;5;23mM[38;5;23;48;5;66m~__[38;5;66;48;5;240m#[48;5;23m [38;5;23;48;5;60mF[48;5;66m__[38;5;66;48;5;239ma[48;5;23m [38;5;60m_[38;5;23;48;5;66m~__[48;5;60m~[48;5;23m  [48;5;66m`[38;5;66;48;5;23mL  [38;5;23;48;5;66m~[48;5;60m`[48;5;23m [38;5;239;48;5;66m~[38;5;23m__[38;5;66;48;5;239m#[38;5;241;48;5;144mL[48;5;223m [0m
[38;5;223;48;5;223m [38;5;243;48;5;144m4[48;5;23m [38;5;60my[48;5;66my [38;5;240;48;5;23m_ [38;5;60;48;5;66m,[48;5;23m,[38;5;23;48;5;66mFl[38;5;66;48;5;240mL[38;5;60;48;5;23my[38;5;67;48;5;66m:[48;5;23m [48;5;66m:[38;5;66;48;5;23mL[38;5;67m_[38;5;66m, [38;5;67;48;5;66m:[38;5;66;48;5;23my[38;5;67m_  [38;5;60;48;5;66m~[38;5;66;48;5;23m`  [38;5;23;48;5;66mL[38;5;66;48;5;240ml[48;5;23m [38;5;67;48;5;66m::[48;5;23m [38;5;23;48;5;60mF[48;5;66m,[38;5;67m:[48;5;23m [48;5;66m:[48;5;23m__[38;5;66m,[38;5;241;48;5;144mL[48;5;223m [0m
[38;5;223;48;5;223m [38;5;243;48;5;144m4[48;5;23m [38;5;67;48;5;66m:[38;5;240mf[38;5;60mF"[48;5;23m 4[48;5;66m"[38;5;67m:[48;5;23m [48;5;66m:[38;5;60m~[48;5;23mF [38;5;67;48;5;66m:[38;5;23ma[38;5;67;48;5;23m~[38;5;60m~ `[38;5;67m~[38;5;23;48;5;66my[38;5;59m`[48;5;23m [38;5;67;48;5;66m:[38;5;240;48;5;23m,  [38;5;23;48;5;60mF[38;5;239mj[48;5;23m [38;5;67;48;5;66m:[38;5;23;48;5;60mL4[38;5;67;48;5;66m:[38;5;23;48;5;60m$[38;5;67;48;5;66m:[48;5;23m [48;5;66m:[38;5;23;48;5;60mg[38;5;67;48;5;23m~[38;5;60m~[38;5;241;48;5;144mL[48;5;223m [0m
[38;5;223;48;5;223m [38;5;243;48;5;144m4[38;5;23;48;5;66mFy[38;5;66;48;5;23m``[38;5;60;48;5;66m_[38;5;66;48;5;23mL [38;5;67;48;5;66m:[38;5;240my[48;5;23m [48;5;66mL[38;5;67m:[48;5;23m  [48;5;66m:[38;5;23m"[48;5;60m~~[48;5;23m [38;5;66;48;5;240mg[48;5;239my[38;5;23;48;5;66m~_[48;5;23m [38;5;66m~[38;5;60;48;5;66m_[38;5;66;48;5;239my[38;5;23;48;5;66m~_[38;5;240;48;5;23m~ [38;5;67;48;5;66m:[48;5;23m [48;5;66m:[38;5;66;48;5;23mF[38;5;60m4[38;5;67;48;5;66m:[48;5;23m [48;5;66m:[38;5;23m^[48;5;60m~~[38;5;241;48;5;144mL[48;5;223m [0m
[38;5;223;48;5;223m [38;5;243;48;5;144m4[38;5;242;48;5;23m__________________________________________[38;5;241;48;5;144mL[48;5;223m [0m
[38;5;223;48;5;223m                                              [0m
[?25h